-63.6223963351705,-64.5813761963206,0
-57.2410210516269,-47.5465254689649,0
-51.3601644969417,-34.6428683796149,0
-48.7830024650908,-26.2512530364625,0
-47.1158448374558,-19.5848729211462,0
-46.1429568301226,-13.9816098768832,0
-45.4638686033103,-8.95497745516786,0
-44.8923473885146,-4.26616359936861,0
-43.8578589489414,0.218705824703022,0
-43.0124257005268,4.52078811017577,0
-42.0611457044115,8.72138207670531,0
-40.4337214153681,12.6933067305963,0
-39.0015943984254,16.6700814598148,0
-36.9190477279134,20.3443933433549,0
-34.7540127209416,23.9496180095433,0
-32.5029637776681,27.5505882207287,0
-29.6503927370082,30.7038804949679,0
-26.7135723509221,33.8425944636911,0
-23.4257283669739,36.6700653376056,0
-20.0023328479687,39.4999517309886,0
-16.2499453907207,42.0191095420488,0
-12.1955155106053,44.1894580212104,0
-7.87047165924178,45.9751313492556,0
-3.33128969596501,47.6396621464255,0
1.47343103998345,49.2311091352375,0
6.5634705455123,50.3393722830529,0
12.0438719759712,51.5806502789991,0
17.9311343787281,52.5006697473563,0
24.2799554439743,53.1019673763453,0
30.7769504095091,52.6985975763765,0
38.2336006498257,52.624036688935,0
38.2336006498257,52.624036688935,0
38.2336006498257,52.624036688935,0
38.2336006498257,52.624036688935,0
38.2336006498257,52.624036688935,0
38.2336006498257,52.624036688935,0
38.2336006498257,52.624036688935,0
38.2336006498257,52.624036688935,0
38.2336006498257,52.624036688935,0
38.2336006498257,52.624036688935,0
38.2336006498257,52.624036688935,0
38.2336006498257,52.624036688935,0
38.2336006498257,52.624036688935,0
38.2336006498257,52.624036688935,0
38.2336006498257,52.624036688935,0
38.2336006498257,52.624036688935,0
38.2336006498257,52.624036688935,0
38.2336006498257,52.624036688935,0
38.2336006498257,52.624036688935,0
38.2336006498257,52.624036688935,0
38.2336006498257,52.624036688935,0
38.2336006498257,52.624036688935,0
38.2336006498257,52.624036688935,0
38.2336006498257,52.624036688935,0
38.2336006498257,52.624036688935,0
38.2336006498257,52.624036688935,0
38.2336006498257,52.624036688935,0
38.2336006498257,52.624036688935,0
38.2336006498257,52.624036688935,0
38.2336006498257,52.624036688935,0
38.2336006498257,52.624036688935,0
38.2336006498257,52.624036688935,0
38.2336006498257,52.624036688935,0
38.2336006498257,52.624036688935,0
38.2336006498257,52.624036688935,0
38.2336006498257,52.624036688935,0
38.2336006498257,52.624036688935,0
38.2336006498257,52.624036688935,0
38.2336006498257,52.624036688935,0
38.2336006498257,52.624036688935,0
38.2336006498257,52.624036688935,0
38.2336006498257,52.624036688935,0
38.2336006498257,52.624036688935,0
38.2336006498257,52.624036688935,0
38.2336006498257,52.624036688935,0
38.2336006498257,52.624036688935,0
38.2336006498257,52.624036688935,0
38.2336006498257,52.624036688935,0
38.2336006498257,52.624036688935,0
38.2336006498257,52.624036688935,0
38.2336006498257,52.624036688935,0
38.2336006498257,52.624036688935,0
38.2336006498257,52.624036688935,0
38.2336006498257,52.624036688935,0
38.2336006498257,52.624036688935,0
38.2336006498257,52.624036688935,0
38.2336006498257,52.624036688935,0
38.2336006498257,52.624036688935,0
38.2336006498257,52.624036688935,0
38.2336006498257,52.624036688935,0
38.2336006498257,52.624036688935,0
38.2336006498257,52.624036688935,0
38.2336006498257,52.624036688935,0
38.2336006498257,52.624036688935,0
38.2336006498257,52.624036688935,0
38.2336006498257,52.624036688935,0
38.2336006498257,52.624036688935,0
38.2336006498257,52.624036688935,0
38.2336006498257,52.624036688935,0
38.2336006498257,52.624036688935,0
38.2336006498257,52.624036688935,0
38.2336006498257,52.624036688935,0
38.2336006498257,52.624036688935,0
38.2336006498257,52.624036688935,0
38.2336006498257,52.624036688935,0
38.2336006498257,52.624036688935,0
38.2336006498257,52.624036688935,0
38.2336006498257,52.624036688935,0
38.2336006498257,52.624036688935,0
38.2336006498257,52.624036688935,0
38.2336006498257,52.624036688935,0
38.2336006498257,52.624036688935,0
38.2336006498257,52.624036688935,0
38.2336006498257,52.624036688935,0
38.2336006498257,52.624036688935,0
38.2336006498257,52.624036688935,0
38.2336006498257,52.624036688935,0
38.2336006498257,52.624036688935,0
38.2336006498257,52.624036688935,0
38.2336006498257,52.624036688935,0
38.2336006498257,52.624036688935,0
38.2336006498257,52.624036688935,0
38.2336006498257,52.624036688935,0
38.2336006498257,52.624036688935,0
38.2336006498257,52.624036688935,0
38.2336006498257,52.624036688935,0
38.2336006498257,52.624036688935,0
38.2336006498257,52.624036688935,0
38.2336006498257,52.624036688935,0
38.2336006498257,52.624036688935,0
38.2336006498257,52.624036688935,0
38.2336006498257,52.624036688935,0
38.2336006498257,52.624036688935,0
38.2336006498257,52.624036688935,0
38.2336006498257,52.624036688935,0
38.2336006498257,52.624036688935,0
38.2336006498257,52.624036688935,0
38.2336006498257,52.624036688935,0
38.2336006498257,52.624036688935,0
38.2336006498257,52.624036688935,0
38.2336006498257,52.624036688935,0
38.2336006498257,52.624036688935,0
38.2336006498257,52.624036688935,0
38.2336006498257,52.624036688935,0
38.2336006498257,52.624036688935,0
38.2336006498257,52.624036688935,0
38.2336006498257,52.624036688935,0
38.2336006498257,52.624036688935,0
38.2336006498257,52.624036688935,0
38.2336006498257,52.624036688935,0
38.2336006498257,52.624036688935,0
38.2336006498257,52.624036688935,0
38.2336006498257,52.624036688935,0
38.2336006498257,52.624036688935,0
38.2336006498257,52.624036688935,0
38.2336006498257,52.624036688935,0
38.2336006498257,52.624036688935,0
38.2336006498257,52.624036688935,0
38.2336006498257,52.624036688935,0
38.2336006498257,52.624036688935,0
38.2336006498257,52.624036688935,0
38.2336006498257,52.624036688935,0
45.4840090061498,52.3760938007235,0
54.2101592987565,51.1105951314252,0
63.433832663597,48.8506274845559,0
74.2279866773078,46.1771785304598,0
86.6745396691318,42.5954874462194,0
100.881234398697,37.6319646396408,0
118.734564624337,31.2443743735182,0
142.314056277972,22.6130852708803,0
171.929228070744,9.95638764225364,0
201.077093152995,-8.42762718665488,0
216.521890226998,-30.8707097864286,0
218.453893645562,-53.7729444725686,0
169.71090640554,-60.2406839637704,0
94.2454092340808,-44.4633841974978,0
59.8269668360965,-35.9070758980452,0
43.8326192902129,-32.6548297970892,0
34.6071525091168,-31.6006727564502,0
27.28039191061,-30.4197487535164,0
20.4676842292208,-27.9948246428851,0
14.7896532695097,-25.1508493280329,0
11.1946400175088,-24.2910158020792,0
8.42886691688639,-24.4396096278241,0
5.64916843199971,-23.8710776076697,0
3.07024381403496,-23.0104070957639,0
0.720807509016954,-21.8931975233335,0
-1.37575258184599,-20.5579192373421,0
-3.380445524528,-20.1083358447665,0
-5.19618838619349,-19.0500395010065,0
-6.91895704279238,-18.0513995749814,0
-8.59074852917878,-17.0914171059585,0
-9.91089481134722,-15.6170712893548,0
-11.1754921847191,-14.2453172794011,0
-12.4063195225935,-12.9242830989475,0
-13.4889387097103,-11.5032034821274,0
-14.4160484079664,-9.9981067558846,0
-15.1820336066825,-8.42543832070649,0
-15.6238368020851,-6.73330572141813,0
-16.0550713196732,-5.09296862102172,0
-16.4823859821364,-3.46909163764475,0
-16.8400167279515,-1.82091506957062,0
-16.7786232997279,-0.133873570142854,0
-16.5543440584072,1.52321174881614,0
-16.1725429975017,3.13525531479227,0
-15.8998848478713,4.76587319431468,0
-15.3463470172914,6.32530779525611,0
-14.7597642135385,7.88571006352159,0
-13.7910854195311,9.24228946885794,0
-12.7036278283706,10.4880318884538,0
-11.70823471797,11.8138020810452,0
-10.4005161834626,12.8304804640812,0
-9.07133037163297,13.8022799243577,0
-7.73335415368273,14.7925421565136,0
-6.2910026641614,15.6606425243458,0
-4.67320013393869,16.115251238349,0
-3.08182987942553,16.6977607064306,0
-1.40395549795751,16.9216369472547,0
0.29141921907606,17.1865352436761,0
2.02652200245122,17.2881584625379,0
3.72209748013341,16.9290701910244,0
5.4612640016152,16.6946612864247,0
7.2175815826607,16.342371801821,0
8.92751680076771,15.7518295360739,0
10.7690980297636,15.2338914770885,0
12.5988318028676,14.5079031225526,0
14.2016245905559,13.3896209501278,0
16.1551837629259,12.4411663430852,0
18.3204486499408,11.3971382754082,0
20.4359771696266,10.0430923810267,0
22.1732905711069,8.27135484304842,0
24.0542636026465,6.32975258433152,0
25.7627139678543,4.09358332550428,0
28.4772368757982,1.64911116333907,0
28.8047111917501,-1.2072750970128,0
30.6728012926763,-4.37318899280944,0
32.1857951822066,-7.92260988465753,0
32.9954232287004,-11.7120749931137,0
33.0829646610294,-15.6079811215215,0
30.6180986194727,-18.3764353956838,0
28.1934369439456,-21.003807203579,0
25.7885714424402,-23.5482016844409,0
22.9359272287719,-25.5753343285666,0
20.1482099855854,-27.5578614120512,0
17.5076387668733,-29.7729755181647,0
14.5017326262297,-31.467007052511,0
11.4333839051721,-33.1512458463008,0
8.1743173741119,-34.5413252899019,0
4.80105876240582,-35.9822617697757,0
1.24106994193604,-37.6952085531623,0
-2.61337391057709,-39.0517382991421,0
-6.78912992217916,-40.3846485850388,0
-11.5889980049041,-42.4870796365091,0
-16.6618257806419,-43.4703197251976,0
-22.3480891776236,-44.46184315122,0
-28.3902836703714,-44.7359287374906,0
-35.3653517036698,-45.0799523984498,0
-43.1490729727344,-44.9505458521499,0
-52.0617785885149,-44.3976539321092,0
-61.5931203530763,-42.7172950097615,0
-72.5804649603484,-40.2793358685789,0
-84.0199363443341,-36.2095383654413,0
-96.4899947458378,-30.6084293055078,0
-109.422780447614,-23.0305037771878,0
-120.925999151689,-13.075757448192,0
-127.626039907904,-1.01830485734421,0
-125.601956905265,11.5569892565596,0
-113.047523691248,21.9157153906993,0
-92.2494830787085,27.6511020551867,0
-72.5897588160276,29.9193395521057,0
-52.3016584193511,27.9432454454819,0
-39.8059990177673,26.6765489682384,0
-32.9704427019607,27.2201814400095,0
-25.8660658551993,26.0992873810089,0
-19.2436203111321,23.7396769645692,0
-15.917446413392,24.2188347329534,0
-12.2991261686464,23.5260585151583,0
-8.82972459171227,21.9804644507592,0
-6.2286560881888,21.4791480915742,0
-3.81995078184319,20.6969970962352,0
-1.68596764978215,20.3206814716955,0
0.323557816670318,19.0819186092152,0
2.09580356158961,17.8791959994937,0
3.72675592686288,16.9502580218334,0
5.13163227664584,15.6870026205927,0
6.66805311359638,15.0981048054202,0
8.15224250069337,14.3839252362557,0
9.54390863780089,13.5007470499085,0
11.0238345277629,12.6942502186142,0
12.2329937760757,11.5335501725521,0
13.3648305636825,10.2923050972346,0
14.7431877076772,9.17172674836429,0
16.4165818744893,8.06779372367042,0
18.2512948022626,6.80832351745366,0
20.40546036361,5.36958925887981,0
22.4433939009753,3.56615778738963,0
25.2582849720231,1.46270229432131,0
27.8601449761475,-1.16768604291731,0
30.8481315309664,-4.3981867835519,0
33.3031006502897,-8.19763727781366,0
33.9955485569124,-12.0670800726165,0
32.9991335466457,-15.5684310248447,0
30.470933467528,-18.2881095025309,0
28.2941013380687,-21.0788010942008,0
25.6649514767257,-23.435321143874,0
22.9669846935455,-25.6099658059454,0
20.1701530640936,-27.5878742179983,0
17.4135109946979,-29.6129045974726,0
14.4122553607529,-31.272852201062,0
11.4787719730229,-33.2828491413792,0
8.22056909230045,-34.7367661530416,0
4.90329796819924,-36.7485089764968,0
1.26846634668303,-38.5273237753984,0
-2.70701964954104,-40.4510898714723,0
-7.16523700621204,-42.6218943872426,0
-11.9056213490682,-43.6478703478877,0
-17.5881298029675,-45.887025585849,0
-23.2599150135117,-46.2759336971393,0
-29.5028948552649,-46.4891234310639,0
-36.3847664696313,-46.3793928651779,0
-44.3655620639928,-46.2178233371103,0
-53.579469623401,-45.6919224563428,0
-62.5935191120504,-43.4111116027435,0
-72.959470057116,-40.48966896023,0
-86.671438375665,-37.3522393565013,0
-97.4932052076494,-30.9266664095695,0
-111.415285613034,-23.4498716414526,0
-121.079679958368,-13.0923749908768,0
-127.584392694295,-1.01797256183506,0
-124.010807245177,11.410583101908,0
-104.231951716688,20.2067034628632,0
-81.7623593774272,24.5076640861945,0
-65.9233335348403,27.1716373301974,0
-53.1971442457676,28.4216773154595,0
-41.7286662251063,27.9650513842515,0
-30.9506763086346,25.552675541173,0
-23.0836784413114,23.2918125556183,0
-15.8144934703292,19.5093729908361,0
-13.4865541277677,20.5201649218451,0
-9.53194722637988,18.2329333918764,0
-7.57830290381155,18.8652110090351,0
-5.24413774767527,18.0840954613834,0
-3.30875980119327,17.9272969492016,0
-1.46382984976704,17.6432923310952,0
0.295107049671935,17.4040261514822,0
1.96681607496957,16.778810163231,0
3.62767252047096,16.4996008451938,0
5.1880255333622,15.8593924408684,0
6.66114201851405,15.082456394093,0
8.17884956404956,14.4308710931828,0
9.46972565120877,13.3958083109289,0
10.8295259538452,12.4704985239818,0
12.3080746451485,11.6043381567774,0
13.4967235344159,10.3938763583516,0
15.1515378305207,9.42576107381953,0
16.7455858826952,8.2294800291851,0
18.634113360269,6.95112722643037,0
20.69442813918,5.44562960475856,0
23.0384916047212,3.66071622716187,0
25.6359138230893,1.48457070650639,0
29.1159823048504,-1.22032122202903,0
30.9316986038569,-4.41010139806131,0
32.3890701262496,-7.97264649465462,0
33.4305686182121,-11.8665344585841,0
32.6192275066153,-15.3891978043186,0
30.2042293121657,-18.1280384366659,0
27.9921026623571,-20.8538153298545,0
25.4118709565078,-23.2042268722972,0
22.7726409446621,-25.3932574818047,0
20.1001769298369,-27.4921638491184,0
17.3377014405679,-29.4839850995776,0
14.383069719675,-31.209522887435,0
11.4018555555633,-33.0598289851447,0
8.24813514985299,-34.8532490490806,0
4.93474040847839,-36.9841591055197,0
1.27742805723585,-38.7995191907126,0
-2.69358522592269,-40.2503388066415,0
-7.01334397556071,-41.7183696741079,0
-11.8246437928624,-43.3509939589348,0
-16.8734552040366,-44.0224560168224,0
-22.66378377151,-45.0899220623746,0
-28.5954961806431,-45.0592919113899,0
-35.1524172217089,-44.8085263882911,0
-42.6955759201087,-44.4781153072171,0
-50.6874100571199,-43.2256091021708,0
-60.2940174039117,-41.8163151014629,0
-71.2696105603756,-39.5518626472351,0
-83.8214191156409,-36.1239846561506,0
-96.1710406808959,-30.5072511162641,0
-110.424139066042,-23.2412623902451,0
-122.420714719948,-13.2373814030214,0
-127.666936775194,-1.01863116597739,0
-124.827226572113,11.4857041400093,0
-108.979389017062,21.1270551991324,0
-80.282151163673,24.0639825931878,0
-58.8413111283315,24.2526383343064,0
-44.8931267994062,23.9850838172812,0
-35.8035588619457,23.9942575186114,0
-27.3292689790022,22.5628653808468,0
-21.971560143044,22.1696668365651,0
-16.8202980749092,20.750172591751,0
-13.8600985839601,21.0885231380428,0
-10.561886921525,20.2030263239124,0
-7.48371683999164,18.6297511606858,0
-5.29467981682889,18.2583867648098,0
-3.25779468160103,17.6511612101697,0
-1.39683751597565,16.8358451204703,0
0.280016240726061,16.5140411991302,0
1.87929883903931,16.0322049740766,0
3.38649947359824,15.4026829217693,0
4.88190989909588,14.9236206438922,0
6.43964703540102,14.5809375231505,0
7.85943953324278,13.8672997810629,0
9.34310152455931,13.2166866984756,0
10.9778825372894,12.6413352312162,0
12.3726420371629,11.6652137910613,0
13.7137265703133,10.560991193204,0
15.4441340379884,9.60778496958156,0
17.1214353084017,8.41418812865077,0
19.2873752807905,7.19481506034735,0
20.4850644439939,5.39053665273303,0
23.028533319577,3.65913389891541,0
25.7217109048683,1.48953919856764,0
26.0468133116889,-1.09168492814983,0
29.1549564572407,-4.15678155536087,0
31.5905861139146,-7.7760977596287,0
32.7067927596931,-11.6096225506985,0
32.2527410165418,-15.2162956996564,0
29.8321694992066,-17.9047347886783,0
27.6791619404161,-20.6206778587876,0
25.3117541566083,-23.112807671304,0
22.5301454368974,-25.1228562190872,0
19.9693363078713,-27.3132056324941,0
17.20124534935,-29.2519318845649,0
14.3756207656726,-31.1933595575642,0
11.4333839051719,-33.1512458463009,0
8.32759066887307,-35.1889956078382,0
4.9683025461408,-37.2356956275008,0
1.28267974574271,-38.9590295348381,0
-2.74272694943343,-40.9846653101528,0
-7.15928093971077,-42.5864651561982,0
-12.0993714213398,-44.3581884225569,0
-17.3560685215021,-45.2815830470808,0
-23.2190966558374,-46.1947249905615,0
-29.2749918028359,-46.130005683919,0
-36.5611362124359,-46.6042100726174,0
-44.2928019742556,-46.1420255151727,0
-53.3181159817472,-45.4690432376408,0
-62.7192192138757,-43.4982896560978,0
-73.1799365215713,-40.612019275489,0
-85.9092889568194,-37.0237806617839,0
-98.4510451699445,-31.2305111434111,0
-111.170454357269,-23.3983413555506,0
-121.607241059752,-13.1494202999845,0
-127.360074800773,-1.01618277034189,0
-125.601956905265,11.5569892565598,0
-113.047523691248,21.9157153906991,0
-92.2494830787086,27.6511020551863,0
-70.544976877548,29.0765412548633,0
-52.3016584193511,27.9432454454818,0
-39.8059990177672,26.6765489682384,0
-32.3089102314528,26.6740245673692,0
-29.2759607038155,29.5399275653828,0
-26.1208010587289,32.2236340753037,0
-22.7563926863867,34.6244805401766,0
-19.1579229323464,36.6457266764407,0
-15.4761854552195,38.5259744738933,0
-11.5494418445055,39.8275596277619,0
-7.52321130986502,40.7617510086096,0
-3.4253900852755,41.2856443883615,0
0.702277158956871,41.4170046214126,0
4.84803506685993,41.3583461548574,0
8.94578532961348,40.6877650483872,0
12.9637525370676,39.6291879578362,0
16.9482577137352,38.3750049485186,0
21.3572978933388,37.6831008302433,0
25.4116672387859,35.9471684534426,0
29.931378663508,34.4668100002551,0
34.2333313729807,32.2759785700254,0
38.5898694067796,29.7182001451105,0
43.1397222783862,26.8371910188489,0
47.7182732841125,23.4507517246447,0
51.6456463467574,19.2654971828698,0
55.620316508139,14.6361929001221,0
59.6901720829948,9.48450902495395,0
64.3798634889931,3.72822517988594,0
68.0729936276313,-2.85310376620956,0
70.9283626107975,-10.1126444789906,0
74.7343073159153,-18.3960271452741,0
78.9781037962854,-28.0341145517253,0
80.7619989619634,-38.1021401210612,0
83.7714913823007,-50.2781514462786,0
85.5563005647913,-63.7385234615829,0
88.2960729641754,-80.625394033373,0
89.6625243251643,-99.9806553921522,0
89.7909722806202,-122.812258356101,0
88.2345150969115,-150.049021048351,0
84.2384065385814,-182.787160745705,0
75.6718658568469,-219.411562620049,0
61.0790907275986,-258.095281193147,0
38.3680301598194,-287.555010909635,0
10.0872467777813,-306.381500483763,0
-20.8911381342063,-312.177012208742,0
-51.4896632825576,-306.282540069674,0
-77.7805240330021,-285.155568873262,0
-94.6572036471371,-246.958464276754,0
-96.2549639641109,-191.500627918725,0
-88.6707171901598,-139.722692854279,0
-76.7851537355251,-97.8774678761608,0
-64.9413078768593,-67.6526061002969,0
